
Mass percent        Group : Mike_2014       Sample : micas            Page 1 

   No.      SiO2     Al2O3    TiO2     K2O      Na2O     MnO      CaO      MgO      Cr2O3    FeO     Total     Comment
    1    38.4300  16.0300   1.2392   7.6800   0.0440   0.1003   0.0990  15.9000   0.1039  13.9500  93.5764   gb14_mica1 
    2    36.9800  15.5500   1.3249   8.4900   0.0909   0.1585   0.1084  15.0500   0.0266  14.3600  92.1394   gb14_mica1b 
    4    39.4600  16.0200   1.5747  10.3300   0.0484   0.2719    -      20.0600    -       7.6800  95.4450   gb18_mica1 
    5    39.8600  17.5500   0.8586   9.6100   0.1626   0.1462    -      20.8800   0.0250   5.9500  95.0424   gb17_mica1 
    6    26.4000  21.8200   0.0395   0.0078   0.0140   0.1786   0.0490  20.6700   0.0347  18.0700  87.2837   gb14_mica2 
    7    38.0000  16.1900   1.2862   8.9800   0.1633   0.1524   0.0101  15.4200   0.0790  14.6400  94.9211   gb14_mica3 
    8    27.3400  21.6500   0.0661   0.0073   0.0305   0.2525   0.1670  22.4200   0.0150  16.4300  88.3784   gb14_mica4 
    9    40.3200  17.1400   0.7386   9.3200   0.1727   0.1512    -      20.9300    -       5.8900  94.6626   gb17_mica2 
   10    40.1400  17.2600   0.7914   9.4800   0.1633   0.1836    -      20.9200   0.0116   5.8300  94.7800   gb17_mica3 
   11    40.2900  16.5500   0.7677   9.2700   0.1668   0.1868    -      21.4000   0.0116   5.9100  94.5530   gb17_mica4 
   12    40.6100  16.8100   0.7589   9.2000   0.1242   0.1506    -      21.1900   0.0550   5.7400  94.6387   gb17_mica5 
   13    40.2000  15.5100   1.4339   9.5000   0.1345   0.1786   0.1971  20.3700    -       7.7000  95.2241   gb18_mica2 
   14    39.5100  15.4000   1.2045   8.8700   0.0903   0.2347   0.2503  20.9500    -       7.0400  93.5499   gb18_mica3 
   15    49.3100  24.9300   1.1483  10.1300   0.0770   0.0687   0.0313   3.7600    -       4.7300  94.1854   gb18_mica4 
   16    39.4000  15.3900   1.3846   9.1500   0.2749   0.2535   1.5700  19.7700   0.0229   7.5400  94.7560   gb18_mica5 
   17    47.1800  27.5200   1.2794  10.4000   0.2092   0.0118    -       2.8000    -       5.6100  95.0105   gb18_mica6 
   18    47.4600  27.1600   1.3093  10.0300   0.1907   0.0505    -       2.9300   0.0499   5.5700  94.7504   gb18_mica7 
   19    47.5600  27.0200   1.3065  10.2800   0.1188   0.0150    -       3.0200   0.0243   5.3300  94.6747   gb18_mica8 
  -----------------------------------------------------------------------------
Minimum  26.4000  11.5500   0.0395   0.0073   0.0140   0.0118    -       2.8000    -       4.7300  87.2836 
Maximum  49.3100  27.5200   2.1900  10.4000   0.5699   0.9017   1.5700  22.4200   0.1039  18.2800  95.4612 
Average  39.8605  18.7921   1.0896   8.4082   0.1498   0.1920   0.1306  15.9189   0.0257   9.2763  93.8438 
Sigma     5.8415   4.7339   0.5025   3.0358   0.1218   0.1879   0.3571   7.2040   0.0289   4.8347   2.2627 

No. of data 19